113072 117.556 -18.2303 119.62 -16.4619
113073 117.218 -19.674 119.3 -17.9043
113074 116.875 -21.1173 118.977 -19.3461
113075 116.527 -22.56 118.65 -20.7871
113076 116.174 -24.0021 118.319 -22.2273
113077 115.814 -25.4435 117.985 -23.6668
113078 115.448 -26.8842 117.645 -25.1053
113079 115.074 -28.3242 117.3 -26.543
113080 114.692 -29.7633 116.95 -27.9796
113081 114.302 -31.2017 116.594 -29.4152
113082 113.902 -32.6391 116.231 -30.8496
113083 113.492 -34.0755 115.86 -32.2829
091072 151.547 -18.2303 153.612 -16.4619
091073 151.209 -19.674 153.291 -17.9043
091074 150.867 -21.1173 152.968 -19.3461
091075 150.519 -22.56 152.641 -20.7871
091076 150.165 -24.0021 152.311 -22.2273
091077 149.805 -25.4435 151.976 -23.6668
091078 149.439 -26.8842 151.637 -25.1053
091079 149.065 -28.3242 151.292 -26.543
091080 148.684 -29.7633 150.942 -27.9796
091081 148.293 -31.2017 150.585 -29.4152
091082 147.893 -32.6391 150.222 -30.8496
091083 147.484 -34.0755 149.851 -32.2829
091084 147.063 -35.5109 149.473 -33.7149
091085 146.629 -36.9452 149.085 -35.1455
091086 146.183 -38.3784 148.688 -36.5747
091087 145.723 -39.8103 148.28 -38.0023
091088 145.246 -41.2409 147.86 -39.4284
091089 144.753 -42.6702 147.428 -40.8527
091090 144.241 -44.0979 146.982 -42.2751
092072 150.002 -18.2303 152.067 -16.4619
092073 149.664 -19.674 151.746 -17.9043
092074 149.322 -21.1173 151.423 -19.3461
092075 148.974 -22.56 151.096 -20.7871
092076 148.62 -24.0021 150.766 -22.2273
092077 148.26 -25.4435 150.431 -23.6668
092078 147.894 -26.8842 150.091 -25.1053
092079 147.52 -28.3242 149.747 -26.543
092080 147.138 -29.7633 149.397 -27.9796
092081 146.748 -31.2017 149.04 -29.4152
092082 146.348 -32.6391 148.677 -30.8496
092083 145.938 -34.0755 148.306 -32.2829
092084 145.517 -35.5109 147.928 -33.7149
092085 145.084 -36.9452 147.54 -35.1455
092086 144.638 -38.3784 147.143 -36.5747
092087 144.178 -39.8103 146.735 -38.0023
092088 143.701 -41.2409 146.315 -39.4284
092089 143.208 -42.6702 145.883 -40.8527
092090 142.696 -44.0979 145.437 -42.2751
094071 147.245 -16.786 149.294 -15.0189
094072 146.912 -18.2303 148.977 -16.4619
094073 146.574 -19.674 148.656 -17.9043
094074 146.231 -21.1173 148.333 -19.3461
094075 145.884 -22.56 148.006 -20.7871
094076 145.53 -24.0021 147.676 -22.2273
094077 145.17 -25.4435 147.341 -23.6668
094078 144.804 -26.8842 147.001 -25.1053
094079 144.43 -28.3242 146.657 -26.543
094080 144.048 -29.7633 146.306 -27.9796
094081 143.658 -31.2017 145.95 -29.4152
094082 143.258 -32.6391 145.587 -30.8496
094083 142.848 -34.0755 145.216 -32.2829
094084 142.427 -35.5109 144.837 -33.7149
094085 141.994 -36.9452 144.45 -35.1455
094086 141.548 -38.3784 144.053 -36.5747
094087 141.087 -39.8103 143.645 -38.0023