-34 -16
-34 -18
-34 -20
-34 -22
-34 -24
-34 -26
-34 -28
-34 -30
-34 -32
-34 -34
-34 -36
-34 -38
-34 -40
-34 -42
-34 -44
-34 -46
-34 -48
-34 -50
-34 -52
-34 -54
-34 -56
-34 -58
-34 -60
-34 -62
-34 -64
-34 -66
-34 -68
-34 -70
-34 -72
-34 -74
-34 -76
-34 -78
-34 -80
-34 -82
-32 -16
-32 -18
-32 -20
-32 -22
-32 -24
-32 -26
-32 -28
-32 -30
-32 -32
-32 -34
-32 -36
-32 -38
-32 -40
-32 -42
-32 -44
-32 -46
-32 -48
-32 -50
-32 -52
-32 -54
-32 -56
-32 -58
-32 -60
-32 -62
-32 -64
-32 -66
-32 -68
-32 -70
-32 -72
-32 -74
-32 -76
-32 -78
-32 -80
-32 -82
-30 -16
-30 -18
-30 -20
-30 -22
-30 -24
-30 -26
-30 -28
-30 -30
-30 -32
-30 -34
-30 -36
-30 -38
-30 -40
-30 -42
-30 -44
-30 -46
-30 -48
-30 -50
-30 -52
-30 -54
-30 -56
-30 -58
-30 -60
-30 -62
-30 -64
-30 -66
-30 -68
-30 -70
-30 -72
-30 -74
-30 -76
-30 -78
-30 -80
-30 -82
-28 -16
-28 -18
-28 -20
-28 -22
-28 -24
-28 -26
-28 -28
-28 -30
-28 -32
-28 -34
-28 -36
-28 -38
-28 -40
-28 -42
-28 -44
-28 -46
-28 -48
-28 -50
-28 -52
-28 -54
-28 -56
-28 -58
-28 -60
-28 -62
-28 -64
-28 -66
-28 -68
-28 -70
-28 -72
-28 -74
-28 -76
-28 -78
-28 -80
-28 -82
-26 -16
-26 -18
-26 -20
-26 -22
-26 -24
-26 -26
-26 -28
-26 -30
-26 -32
-26 -34
-26 -36
-26 -38
-26 -40
-26 -42
-26 -44
-26 -46
-26 -48
-26 -50
-26 -52
-26 -54
-26 -56
-26 -58
-26 -60
-26 -62
-26 -64
-26 -66
-26 -68
-26 -70
-26 -72
-26 -74
-26 -76
-26 -78
-26 -80
-26 -82
-24 -16
-24 -18
-24 -20
-24 -22
-24 -24
-24 -26
-24 -28
-24 -30
-24 -32
-24 -34
-24 -36
-24 -38
-24 -40
-24 -42
-24 -44
-24 -46
-24 -48
-24 -50
-24 -52
-24 -54
-24 -56
-24 -58
-24 -60
-24 -62
-24 -64
-24 -66
-24 -68
-24 -70
-24 -72
-24 -74
-24 -76
-24 -78
-24 -80
-24 -82
-22 -16
-22 -18
-22 -20
-22 -22
-22 -24
-22 -26
-22 -28
-22 -30
-22 -32
-22 -34
-22 -36
-22 -38
-22 -40
-22 -42
-22 -44
-22 -46
-22 -48
-22 -50
-22 -52
-22 -54
-22 -56
-22 -58
-22 -60
-22 -62
-22 -64
-22 -66
-22 -68
-22 -70
-22 -72
-22 -74
-22 -76
-22 -78
-22 -80
-22 -82
-20 -16
-20 -18
-20 -20
-20 -22
-20 -24
-20 -26
-20 -28
-20 -30
-20 -32
-20 -34
-20 -36
-20 -38
-20 -40
-20 -42
-20 -44
-20 -46
-20 -48
-20 -50
-20 -52
-20 -54
-20 -56
-20 -58
-20 -60
-20 -62
-20 -64
-20 -66
-20 -68
-20 -70
-20 -72
-20 -74
-20 -76
-20 -78
-20 -80
-20 -82
-18 -16
-18 -18
-18 -20
-18 -22
-18 -24
-18 -26
-18 -28
-18 -30
-18 -32
-18 -34
-18 -36
-18 -38
-18 -40
-18 -42
-18 -44
-18 -46
-18 -48
-18 -50
-18 -52
-18 -54
-18 -56
-18 -58
-18 -60
-18 -62
-18 -64
-18 -66
-18 -68
-18 -70
-18 -72
-18 -74
-18 -76
-18 -78
-18 -80
-18 -82
-16 -16
-16 -18
-16 -20
-16 -22
-16 -24
-16 -26
-16 -28
-16 -30
-16 -32
-16 -34
-16 -36
-16 -38
-16 -40
-16 -42
-16 -44
-16 -46
-16 -48
-16 -50
-16 -52
-16 -54
-16 -56
-16 -58
-16 -60
-16 -62
-16 -64
-16 -66
-16 -68
-16 -70
-16 -72
-16 -74
-16 -76
-16 -78
-16 -80
-16 -82
-14 -16
-14 -18
-14 -20
-14 -22
-14 -24
-14 -26
-14 -28
-14 -30
-14 -32
-14 -34
-14 -36
-14 -38
-14 -40
-14 -42
-14 -44
-14 -46
-14 -48
-14 -50
-14 -52
-14 -54
-14 -56
-14 -58
-14 -60
-14 -62
-14 -64
-14 -66
-14 -68
-14 -70
-14 -72
-14 -74
-14 -76
-14 -78
-14 -80
-14 -82
-12 -16
-12 -18
-12 -20
-12 -22
-12 -24
-12 -26
-12 -28
-12 -30
-12 -32
-12 -34
-12 -36
-12 -38
-12 -40
-12 -42
-12 -44
-12 -46
-12 -48
-12 -50
-12 -52
-12 -54
-12 -56
-12 -58
-12 -60
-12 -62
-12 -64
-12 -66
-12 -68
-12 -70
-12 -72
-12 -74
-12 -76
-12 -78
-12 -80
-12 -82
-10 -16
-10 -18
-10 -20
-10 -22
-10 -24
-10 -26
-10 -28
-10 -30
-10 -32
-10 -34
-10 -36
-10 -38
-10 -40
-10 -42
-10 -44
-10 -46
-10 -48
-10 -50
-10 -52
-10 -54
-10 -56
-10 -58
-10 -60
-10 -62
-10 -64
-10 -66
-10 -68
-10 -70
-10 -72
-10 -74
-10 -76
-10 -78
-10 -80
-10 -82
-8 -16
-8 -18
-8 -20
-8 -22
-8 -24
-8 -26
-8 -28
-8 -30
-8 -32
-8 -34
-8 -36
-8 -38
-8 -40
-8 -42
-8 -44
-8 -46
-8 -48
-8 -50
-8 -52
-8 -54
-8 -56
-8 -58
-8 -60
-8 -62
-8 -64
-8 -66
-8 -68
-8 -70
-8 -72
-8 -74
-8 -76
-8 -78
-8 -80
-8 -82
-6 -16
-6 -18
-6 -20
-6 -22
-6 -24
-6 -26
-6 -28
-6 -30
-6 -32
-6 -34
-6 -36
-6 -38
-6 -40
-6 -42
-6 -44
-6 -46
-6 -48
-6 -50
-6 -52
-6 -54
-6 -56
-6 -58
-6 -60
-6 -62
-6 -64
-6 -66
-6 -68
-6 -70
-6 -72
-6 -74
-6 -76
-6 -78
-6 -80
-6 -82
-4 -16
-4 -18
-4 -20
-4 -22
-4 -24
-4 -26
-4 -28
-4 -30
-4 -32
-4 -34
-4 -36
-4 -38
-4 -40
-4 -42
-4 -44
-4 -46
-4 -48
-4 -50
-4 -52
-4 -54
-4 -56
-4 -58
-4 -60
-4 -62
-4 -64
-4 -66
-4 -68
-4 -70
-4 -72
-4 -74
-4 -76
-4 -78
-4 -80
-4 -82
-2 -16
-2 -18
-2 -20
-2 -22
-2 -24
-2 -26
-2 -28
-2 -30
-2 -32
-2 -34
-2 -36
-2 -38
-2 -40
-2 -42
-2 -44
-2 -46
-2 -48
-2 -50
-2 -52
-2 -54
-2 -56
-2 -58
-2 -60
-2 -62
-2 -64
-2 -66
-2 -68
-2 -70
-2 -72
-2 -74
-2 -76
-2 -78
-2 -80
-2 -82
0 -16
0 -18
0 -20
0 -22
0 -24
0 -26
0 -28
0 -30
0 -32
0 -34
0 -36
0 -38
0 -40
0 -42
0 -44
0 -46
0 -48
0 -50
0 -52
0 -54
0 -56
0 -58
0 -60
0 -62
0 -64
0 -66
0 -68
0 -70
0 -72
0 -74
0 -76
0 -78
0 -80
0 -82
2 -16
2 -18
2 -20
2 -22
2 -24
2 -26
2 -28
2 -30
2 -32
2 -34
2 -36
2 -38
2 -40
2 -42
2 -44
2 -46
2 -48
2 -50
2 -52
2 -54
2 -56
2 -58
2 -60
2 -62
2 -64
2 -66
2 -68
2 -70
2 -72
2 -74
2 -76
2 -78
2 -80
2 -82
4 -16
4 -18
4 -20
4 -22
4 -24
4 -26
4 -28
4 -30
4 -32
4 -34
4 -36
4 -38
4 -40
4 -42
4 -44
4 -46
4 -48
4 -50
4 -52
4 -54
4 -56
4 -58
4 -60
4 -62
4 -64
4 -66
4 -68
4 -70
4 -72
4 -74
4 -76
4 -78
4 -80
4 -82
6 -16
6 -18
6 -20
6 -22
6 -24
6 -26
6 -28
6 -30
6 -32
6 -34
6 -36
6 -38
6 -40
6 -42
6 -44
6 -46
6 -48
6 -50
6 -52
6 -54
6 -56
6 -58
6 -60
6 -62
6 -64
6 -66
6 -68
6 -70
6 -72
6 -74
6 -76
6 -78
6 -80
6 -82
8 -16
8 -18
8 -20
8 -22
8 -24
8 -26
8 -28
8 -30
8 -32
8 -34
8 -36
8 -38
8 -40
8 -42
8 -44
8 -46
8 -48
8 -50
8 -52
8 -54
8 -56
8 -58
8 -60
8 -62
8 -64
8 -66
8 -68
8 -70
8 -72
8 -74
8 -76
8 -78
8 -80
8 -82
10 -16
10 -18
10 -20
10 -22
10 -24
10 -26
10 -28
10 -30
10 -32
10 -34
10 -36
10 -38
10 -40
10 -42
10 -44
10 -46
10 -48
10 -50
10 -52
10 -54
10 -56
10 -58
10 -60
10 -62
10 -64
10 -66
10 -68
10 -70
10 -72
10 -74
10 -76
10 -78
10 -80
10 -82
12 -16
12 -18
12 -20
12 -22
12 -24
12 -26
12 -28
12 -30
12 -32
12 -34
12 -36
12 -38
12 -40
12 -42
12 -44
12 -46
12 -48
12 -50
12 -52
12 -54
12 -56
12 -58
12 -60
12 -62
12 -64
12 -66
12 -68
12 -70
12 -72
12 -74
12 -76
12 -78
12 -80
12 -82
14 -16
14 -18
14 -20
14 -22
14 -24
14 -26
14 -28
14 -30
14 -32
14 -34
14 -36
14 -38
14 -40
14 -42
14 -44
14 -46
14 -48
14 -50
14 -52
14 -54
14 -56
14 -58
14 -60
14 -62
14 -64
14 -66
14 -68
14 -70
14 -72
14 -74
14 -76
14 -78
14 -80
14 -82
16 -16
16 -18
16 -20
16 -22
16 -24
16 -26
16 -28
16 -30
16 -32
16 -34
16 -36
16 -38
16 -40
16 -42
16 -44
16 -46
16 -48
16 -50
16 -52
16 -54
16 -56
16 -58
16 -60
16 -62
16 -64
16 -66
16 -68
16 -70
16 -72
16 -74
16 -76
16 -78
16 -80
16 -82
18 -16
18 -18
18 -20
18 -22
18 -24
18 -26
18 -28
18 -30
18 -32
18 -34
18 -36
18 -38
18 -40
18 -42
18 -44
18 -46
18 -48
18 -50
18 -52
18 -54
18 -56
18 -58
18 -60
18 -62
18 -64
18 -66
18 -68
18 -70
18 -72
18 -74
18 -76
18 -78
18 -80
18 -82
20 -16
20 -18
20 -20
20 -22
20 -24
20 -26
20 -28
20 -30
20 -32
20 -34
20 -36
20 -38
20 -40
20 -42
20 -44
20 -46
20 -48
20 -50
20 -52
20 -54
20 -56
20 -58
20 -60
20 -62
20 -64
20 -66
20 -68
20 -70
20 -72
20 -74
20 -76
20 -78
20 -80
20 -82
22 -16
22 -18
22 -20
22 -22
22 -24
22 -26
22 -28
22 -30
22 -32
22 -34
22 -36
22 -38
22 -40
22 -42
22 -44
22 -46
22 -48
22 -50
22 -52
22 -54
22 -56
22 -58
22 -60
22 -62
22 -64
22 -66
22 -68
22 -70
22 -72
22 -74
22 -76
22 -78
22 -80
22 -82
24 -16
24 -18
24 -20
24 -22
24 -24
24 -26
24 -28
24 -30
24 -32
24 -34
24 -36
24 -38
24 -40
24 -42
24 -44
24 -46
24 -48
24 -50
24 -52
24 -54
24 -56
24 -58
24 -60
24 -62
24 -64
24 -66
24 -68
24 -70
24 -72
24 -74
24 -76
24 -78
24 -80
24 -82
26 -16
26 -18
26 -20
26 -22
26 -24
26 -26
26 -28
26 -30
26 -32
26 -34
26 -36
26 -38
26 -40
26 -42
26 -44
26 -46
26 -48
26 -50
26 -52
26 -54
26 -56
26 -58
26 -60
26 -62
26 -64
26 -66
26 -68
26 -70
26 -72
26 -74
26 -76
26 -78
26 -80
26 -82
28 -16
28 -18
28 -20
28 -22
28 -24
28 -26
28 -28
28 -30
28 -32
28 -34
28 -36
28 -38
28 -40
28 -42
28 -44
28 -46
28 -48
28 -50
28 -52
28 -54
28 -56
28 -58
28 -60
28 -62
28 -64
28 -66
28 -68
28 -70
28 -72
28 -74
28 -76
28 -78
28 -80
28 -82
30 -16
30 -18
30 -20
30 -22
30 -24
30 -26
30 -28
30 -30
30 -32
30 -34
30 -36
30 -38
30 -40
30 -42
30 -44
30 -46
30 -48
30 -50
30 -52
30 -54
30 -56
30 -58
30 -60
30 -62
30 -64
30 -66
30 -68
30 -70
30 -72
30 -74
30 -76
30 -78
30 -80
30 -82
32 -16
32 -18
32 -20
32 -22
32 -24
32 -26
32 -28
32 -30
32 -32
32 -34
32 -36
32 -38
32 -40
32 -42
32 -44
32 -46
32 -48
32 -50
32 -52
32 -54
32 -56
32 -58
32 -60
32 -62
32 -64
32 -66
32 -68
32 -70
32 -72
32 -74
32 -76
32 -78
32 -80
32 -82
34 -16
34 -18
34 -20
34 -22
34 -24
34 -26
34 -28
34 -30
34 -32
34 -34
34 -36
34 -38
34 -40
34 -42
34 -44
34 -46
34 -48
34 -50
34 -52
34 -54
34 -56
34 -58
34 -60
34 -62
34 -64
34 -66
34 -68
34 -70
34 -72
34 -74
34 -76
34 -78
34 -80
34 -82
36 -16
36 -18
36 -20
36 -22
36 -24
36 -26
36 -28
36 -30
36 -32
36 -34
36 -36
36 -38
36 -40
36 -42
36 -44
36 -46
36 -48
36 -50
36 -52
36 -54
36 -56
36 -58
36 -60
36 -62
36 -64
36 -66
36 -68
36 -70
36 -72
36 -74
36 -76
36 -78
36 -80
36 -82
38 -16
38 -18
38 -20
38 -22
38 -24
38 -26
38 -28
38 -30
38 -32
38 -34
38 -36
38 -38
38 -40
38 -42
38 -44
38 -46
38 -48
38 -50
38 -52
38 -54
38 -56
38 -58
38 -60
38 -62
38 -64
38 -66
38 -68
38 -70
38 -72
38 -74
38 -76
38 -78
38 -80
38 -82
