-1.393035000000000000e+06 -3.614685000000000000e+06
-1.445535000000000000e+06 -3.515085000000000000e+06
-1.368555000000000000e+06 -3.603855000000000000e+06
-1.430025000000000000e+06 -3.532245000000000000e+06
-1.447515000000000000e+06 -3.510225000000000000e+06
-1.401525000000000000e+06 -3.682425000000000000e+06
-1.319175000000000000e+06 -3.597135000000000000e+06
-1.295595000000000000e+06 -3.572325000000000000e+06
-1.369365000000000000e+06 -3.755895000000000000e+06
-1.322565000000000000e+06 -3.517845000000000000e+06
-1.296645000000000000e+06 -3.568245000000000000e+06
-1.317975000000000000e+06 -3.648255000000000000e+06
-1.449435000000000000e+06 -3.510225000000000000e+06
-1.511325000000000000e+06 -3.435705000000000000e+06
-1.321665000000000000e+06 -3.518415000000000000e+06
-1.396425000000000000e+06 -3.722295000000000000e+06
-1.387965000000000000e+06 -3.625995000000000000e+06
-1.354785000000000000e+06 -3.636945000000000000e+06
-1.303245000000000000e+06 -3.646965000000000000e+06
-1.422825000000000000e+06 -3.531225000000000000e+06
-1.348035000000000000e+06 -3.646845000000000000e+06
-1.469085000000000000e+06 -3.473235000000000000e+06
-1.349475000000000000e+06 -3.645705000000000000e+06
-1.391205000000000000e+06 -3.622155000000000000e+06
-1.446345000000000000e+06 -3.514815000000000000e+06
-1.349445000000000000e+06 -3.709305000000000000e+06
-1.306125000000000000e+06 -3.654465000000000000e+06
-1.355895000000000000e+06 -3.636255000000000000e+06
-1.309695000000000000e+06 -3.646695000000000000e+06
-1.341765000000000000e+06 -3.650895000000000000e+06
-1.314465000000000000e+06 -3.596925000000000000e+06
-1.308195000000000000e+06 -3.590565000000000000e+06
-1.456575000000000000e+06 -3.498585000000000000e+06
-1.301895000000000000e+06 -3.646635000000000000e+06
-1.381215000000000000e+06 -3.528075000000000000e+06
-1.377825000000000000e+06 -3.728205000000000000e+06
-1.369515000000000000e+06 -3.629925000000000000e+06
-1.385625000000000000e+06 -3.719535000000000000e+06
-1.321875000000000000e+06 -3.649395000000000000e+06
-1.346655000000000000e+06 -3.604455000000000000e+06
-1.303185000000000000e+06 -3.539325000000000000e+06
-1.346625000000000000e+06 -3.649335000000000000e+06
-1.443525000000000000e+06 -3.525225000000000000e+06
-1.379325000000000000e+06 -3.723315000000000000e+06
-1.350525000000000000e+06 -3.718515000000000000e+06
-1.541805000000000000e+06 -3.463845000000000000e+06
-1.452555000000000000e+06 -3.507765000000000000e+06
-1.507335000000000000e+06 -3.456465000000000000e+06
-1.353735000000000000e+06 -3.766245000000000000e+06
-1.297485000000000000e+06 -3.576675000000000000e+06
-1.353825000000000000e+06 -3.638595000000000000e+06
-1.525095000000000000e+06 -3.428595000000000000e+06
-1.395975000000000000e+06 -3.609135000000000000e+06
-1.301295000000000000e+06 -3.584535000000000000e+06
-1.332795000000000000e+06 -3.649425000000000000e+06
-1.353255000000000000e+06 -3.766125000000000000e+06
-1.369605000000000000e+06 -3.756135000000000000e+06
-1.373895000000000000e+06 -3.601545000000000000e+06
-1.344585000000000000e+06 -3.760605000000000000e+06
-1.354035000000000000e+06 -3.601875000000000000e+06
-1.304235000000000000e+06 -3.532605000000000000e+06
-1.328625000000000000e+06 -3.649755000000000000e+06
-1.482435000000000000e+06 -3.465135000000000000e+06
-1.423125000000000000e+06 -3.668235000000000000e+06
-1.275315000000000000e+06 -3.843135000000000000e+06
-1.396065000000000000e+06 -3.722055000000000000e+06
-1.349055000000000000e+06 -3.601815000000000000e+06
-1.369695000000000000e+06 -3.603675000000000000e+06
-1.350285000000000000e+06 -3.601545000000000000e+06
-1.403235000000000000e+06 -3.706035000000000000e+06
-1.508775000000000000e+06 -3.449145000000000000e+06
-1.540485000000000000e+06 -3.439305000000000000e+06
-1.346565000000000000e+06 -3.708045000000000000e+06
-1.379505000000000000e+06 -3.720315000000000000e+06
-1.393905000000000000e+06 -3.526755000000000000e+06
-1.374975000000000000e+06 -3.601305000000000000e+06
-1.344705000000000000e+06 -3.743865000000000000e+06
-1.303065000000000000e+06 -3.683925000000000000e+06
-1.366455000000000000e+06 -3.631485000000000000e+06
-1.445895000000000000e+06 -3.516465000000000000e+06
-1.351875000000000000e+06 -3.715305000000000000e+06
-1.538085000000000000e+06 -3.467685000000000000e+06
-1.501245000000000000e+06 -3.461835000000000000e+06
-1.331115000000000000e+06 -3.649785000000000000e+06
-1.510245000000000000e+06 -3.439185000000000000e+06
-1.395615000000000000e+06 -3.609705000000000000e+06
-1.446795000000000000e+06 -3.510585000000000000e+06
-1.318845000000000000e+06 -3.648345000000000000e+06
-1.374675000000000000e+06 -3.526665000000000000e+06
-1.396995000000000000e+06 -3.605115000000000000e+06
-1.331535000000000000e+06 -3.707235000000000000e+06
-1.377195000000000000e+06 -3.601725000000000000e+06
-1.404525000000000000e+06 -3.709245000000000000e+06
-1.296585000000000000e+06 -3.572205000000000000e+06
-1.304685000000000000e+06 -3.647715000000000000e+06
-1.404795000000000000e+06 -3.708585000000000000e+06
-1.303725000000000000e+06 -3.534495000000000000e+06
-1.305465000000000000e+06 -3.660765000000000000e+06
-1.544385000000000000e+06 -3.460635000000000000e+06
-1.300185000000000000e+06 -3.646395000000000000e+06
-1.353015000000000000e+06 -3.601605000000000000e+06
-1.461525000000000000e+06 -3.485625000000000000e+06
-1.388205000000000000e+06 -3.720705000000000000e+06
-1.304805000000000000e+06 -3.647265000000000000e+06
-1.301445000000000000e+06 -3.646725000000000000e+06
-1.358235000000000000e+06 -3.768945000000000000e+06
-1.461675000000000000e+06 -3.484095000000000000e+06
-1.313055000000000000e+06 -3.594885000000000000e+06
-1.524645000000000000e+06 -3.428565000000000000e+06
-1.370175000000000000e+06 -3.754305000000000000e+06
-1.368915000000000000e+06 -3.629895000000000000e+06
-1.369665000000000000e+06 -3.759195000000000000e+06
-1.387275000000000000e+06 -3.720225000000000000e+06
-1.446795000000000000e+06 -3.510975000000000000e+06
-1.398075000000000000e+06 -3.526755000000000000e+06
-1.377225000000000000e+06 -3.602055000000000000e+06
-1.369245000000000000e+06 -3.603105000000000000e+06
-1.369725000000000000e+06 -3.754215000000000000e+06
-1.508415000000000000e+06 -3.451335000000000000e+06
-1.349085000000000000e+06 -3.709875000000000000e+06
-1.382355000000000000e+06 -3.627405000000000000e+06
-1.345155000000000000e+06 -3.604665000000000000e+06
-1.403025000000000000e+06 -3.695415000000000000e+06
-1.313835000000000000e+06 -3.594675000000000000e+06
-1.453155000000000000e+06 -3.504375000000000000e+06
-1.454235000000000000e+06 -3.503145000000000000e+06
-1.446015000000000000e+06 -3.513825000000000000e+06
-1.505685000000000000e+06 -3.461025000000000000e+06
-1.380645000000000000e+06 -3.602475000000000000e+06
-1.448865000000000000e+06 -3.510015000000000000e+06
-1.364355000000000000e+06 -3.767685000000000000e+06
-1.369575000000000000e+06 -3.629565000000000000e+06
-1.348605000000000000e+06 -3.645825000000000000e+06
-1.470465000000000000e+06 -3.471165000000000000e+06
-1.329645000000000000e+06 -3.649755000000000000e+06
-1.404375000000000000e+06 -3.709365000000000000e+06
-1.505115000000000000e+06 -3.461415000000000000e+06
-1.350705000000000000e+06 -3.720165000000000000e+06
-1.307475000000000000e+06 -3.530205000000000000e+06
-1.403685000000000000e+06 -3.706455000000000000e+06
-1.461405000000000000e+06 -3.485295000000000000e+06
-1.545135000000000000e+06 -3.461805000000000000e+06
-1.477755000000000000e+06 -3.468675000000000000e+06
-1.303515000000000000e+06 -3.533865000000000000e+06
-1.509465000000000000e+06 -3.448335000000000000e+06
-1.396875000000000000e+06 -3.605295000000000000e+06
-1.306095000000000000e+06 -3.658995000000000000e+06
-1.421415000000000000e+06 -3.669405000000000000e+06
-1.448805000000000000e+06 -3.510375000000000000e+06
-1.321965000000000000e+06 -3.648885000000000000e+06
-1.503645000000000000e+06 -3.461685000000000000e+06
-1.361235000000000000e+06 -3.603555000000000000e+06
-1.307475000000000000e+06 -3.526935000000000000e+06
-1.335855000000000000e+06 -3.750705000000000000e+06
-1.391205000000000000e+06 -3.723345000000000000e+06
-1.377585000000000000e+06 -3.626835000000000000e+06
-1.323915000000000000e+06 -3.598905000000000000e+06
-1.351515000000000000e+06 -3.644325000000000000e+06
-1.509795000000000000e+06 -3.440685000000000000e+06
-1.387605000000000000e+06 -3.626655000000000000e+06
-1.360155000000000000e+06 -3.365265000000000000e+06
-1.380855000000000000e+06 -3.718665000000000000e+06
-1.396755000000000000e+06 -3.602835000000000000e+06
-1.306725000000000000e+06 -3.655185000000000000e+06
-1.350555000000000000e+06 -3.644055000000000000e+06
-1.462875000000000000e+06 -3.480525000000000000e+06
-1.392495000000000000e+06 -3.724005000000000000e+06
-1.339785000000000000e+06 -3.750225000000000000e+06
-1.343325000000000000e+06 -3.707385000000000000e+06
-1.304115000000000000e+06 -3.647595000000000000e+06
-1.421205000000000000e+06 -3.669675000000000000e+06
-1.446735000000000000e+06 -3.514005000000000000e+06
-1.508655000000000000e+06 -3.451545000000000000e+06
-1.377675000000000000e+06 -3.627285000000000000e+06
-1.447245000000000000e+06 -3.509955000000000000e+06
-1.393245000000000000e+06 -3.614355000000000000e+06
-1.392045000000000000e+06 -3.527535000000000000e+06
-1.316235000000000000e+06 -3.647715000000000000e+06
-1.361535000000000000e+06 -3.524325000000000000e+06
-1.490595000000000000e+06 -3.465105000000000000e+06
-1.391355000000000000e+06 -3.621555000000000000e+06
-1.339995000000000000e+06 -3.757575000000000000e+06
-1.358145000000000000e+06 -3.635475000000000000e+06
-1.329645000000000000e+06 -3.706275000000000000e+06
-1.502985000000000000e+06 -3.461175000000000000e+06
-1.384755000000000000e+06 -3.718545000000000000e+06
-1.298175000000000000e+06 -3.580155000000000000e+06
-1.332915000000000000e+06 -3.707535000000000000e+06
-1.345515000000000000e+06 -3.649725000000000000e+06
-1.385085000000000000e+06 -3.604065000000000000e+06
-1.335045000000000000e+06 -3.707235000000000000e+06
-1.458405000000000000e+06 -3.492495000000000000e+06
-1.306965000000000000e+06 -3.655575000000000000e+06
-1.345635000000000000e+06 -3.707925000000000000e+06
-1.385445000000000000e+06 -3.627585000000000000e+06
-1.313985000000000000e+06 -3.595995000000000000e+06
-1.464225000000000000e+06 -3.478605000000000000e+06
-1.305135000000000000e+06 -3.588855000000000000e+06
-1.422375000000000000e+06 -3.668925000000000000e+06
-1.386795000000000000e+06 -3.720225000000000000e+06
-1.357935000000000000e+06 -3.768855000000000000e+06
-1.404945000000000000e+06 -3.708345000000000000e+06
-1.450125000000000000e+06 -3.510315000000000000e+06
-1.517565000000000000e+06 -3.503385000000000000e+06
-1.303485000000000000e+06 -3.672645000000000000e+06
-1.423245000000000000e+06 -3.668085000000000000e+06
-1.378365000000000000e+06 -3.602205000000000000e+06
-1.349025000000000000e+06 -3.645645000000000000e+06
-1.508745000000000000e+06 -3.450975000000000000e+06
-1.537575000000000000e+06 -3.468375000000000000e+06
-1.325115000000000000e+06 -3.362445000000000000e+06
-1.308615000000000000e+06 -3.591045000000000000e+06
-1.402275000000000000e+06 -3.705465000000000000e+06
-1.300935000000000000e+06 -3.585585000000000000e+06
-1.333785000000000000e+06 -3.707655000000000000e+06
-1.301565000000000000e+06 -3.646035000000000000e+06
-1.401375000000000000e+06 -3.680055000000000000e+06
-1.446705000000000000e+06 -3.511185000000000000e+06
-1.501485000000000000e+06 -3.461835000000000000e+06
-1.340745000000000000e+06 -3.744555000000000000e+06
-1.380435000000000000e+06 -3.527925000000000000e+06
-1.305525000000000000e+06 -3.646725000000000000e+06
-1.422915000000000000e+06 -3.668475000000000000e+06
-1.303215000000000000e+06 -3.534405000000000000e+06
-1.490595000000000000e+06 -3.465495000000000000e+06
-1.491045000000000000e+06 -3.464655000000000000e+06
-1.380705000000000000e+06 -3.527985000000000000e+06
-1.448355000000000000e+06 -3.510075000000000000e+06
-1.318215000000000000e+06 -3.647925000000000000e+06
-1.302345000000000000e+06 -3.647325000000000000e+06
-1.506915000000000000e+06 -3.455895000000000000e+06
-1.345515000000000000e+06 -3.707325000000000000e+06
-1.299705000000000000e+06 -3.545415000000000000e+06
-1.469325000000000000e+06 -3.471945000000000000e+06
-1.295325000000000000e+06 -3.568545000000000000e+06
-1.297485000000000000e+06 -3.568335000000000000e+06
-1.300005000000000000e+06 -3.546045000000000000e+06
-1.391235000000000000e+06 -3.723675000000000000e+06
-1.353975000000000000e+06 -3.637605000000000000e+06
-1.296015000000000000e+06 -3.540675000000000000e+06
-1.377825000000000000e+06 -3.729375000000000000e+06
-1.394535000000000000e+06 -3.613125000000000000e+06
-1.367715000000000000e+06 -3.759765000000000000e+06
-1.487025000000000000e+06 -3.333255000000000000e+06
-1.509045000000000000e+06 -3.450285000000000000e+06
-1.462515000000000000e+06 -3.483645000000000000e+06
-1.303335000000000000e+06 -3.680655000000000000e+06
-1.298445000000000000e+06 -3.542865000000000000e+06
-1.390695000000000000e+06 -3.622905000000000000e+06
-1.300935000000000000e+06 -3.645795000000000000e+06
-1.417425000000000000e+06 -2.265375000000000000e+06
-9.195150000000000000e+05 -3.663975000000000000e+06
-3.106350000000000000e+05 -1.725555000000000000e+06
-1.224285000000000000e+06 -3.058785000000000000e+06
-8.418450000000000000e+05 -3.430875000000000000e+06
-7.630050000000000000e+05 -1.676745000000000000e+06
-1.237275000000000000e+06 -3.006675000000000000e+06
-4.323750000000000000e+05 -1.746435000000000000e+06
-1.231455000000000000e+06 -2.639745000000000000e+06
-1.015665000000000000e+06 -1.850625000000000000e+06
-1.482225000000000000e+06 -2.505255000000000000e+06
-4.438350000000000000e+05 -1.586925000000000000e+06
-1.024785000000000000e+06 -3.651615000000000000e+06
-1.176825000000000000e+06 -2.334705000000000000e+06
-5.365950000000000000e+05 -3.354585000000000000e+06
-1.141275000000000000e+06 -3.352425000000000000e+06
-1.436415000000000000e+06 -2.496465000000000000e+06
-3.774750000000000000e+05 -1.588815000000000000e+06
-1.370655000000000000e+06 -2.348055000000000000e+06
-5.587350000000000000e+05 -3.494445000000000000e+06
-1.621035000000000000e+06 -2.932845000000000000e+06
-5.692050000000000000e+05 -2.758365000000000000e+06
-6.268650000000000000e+05 -3.350235000000000000e+06
-1.136265000000000000e+06 -2.773095000000000000e+06
-1.093035000000000000e+06 -3.055875000000000000e+06
-1.314945000000000000e+06 -2.705475000000000000e+06
-9.862050000000000000e+05 -3.320685000000000000e+06
-5.770050000000000000e+05 -3.137235000000000000e+06
-1.165755000000000000e+06 -2.174715000000000000e+06
-1.485165000000000000e+06 -3.232215000000000000e+06
-1.107675000000000000e+06 -3.520155000000000000e+06
-4.868550000000000000e+05 -3.152385000000000000e+06
-1.209585000000000000e+06 -2.895285000000000000e+06
-1.579005000000000000e+06 -2.815215000000000000e+06
-1.154835000000000000e+06 -2.159175000000000000e+06
-5.257350000000000000e+05 -1.726155000000000000e+06
-4.568250000000000000e+05 -3.003315000000000000e+06
-5.834250000000000000e+05 -2.758065000000000000e+06
-9.073350000000000000e+05 -1.962015000000000000e+06
-1.578165000000000000e+06 -3.118455000000000000e+06
-1.073685000000000000e+06 -2.157465000000000000e+06
-1.171575000000000000e+06 -3.824055000000000000e+06
-5.915850000000000000e+05 -1.582125000000000000e+06
-1.516365000000000000e+06 -2.443245000000000000e+06
-6.694350000000000000e+05 -1.635285000000000000e+06
-5.707950000000000000e+05 -1.506525000000000000e+06
-6.328950000000000000e+05 -1.959555000000000000e+06
-7.971750000000000000e+05 -3.700125000000000000e+06
-9.864450000000000000e+05 -3.327645000000000000e+06
-6.795450000000000000e+05 -1.864815000000000000e+06
-1.006935000000000000e+06 -1.956645000000000000e+06
-5.312250000000000000e+05 -3.291105000000000000e+06
-1.398225000000000000e+06 -3.696045000000000000e+06
-1.284885000000000000e+06 -2.555775000000000000e+06
-6.888750000000000000e+05 -3.179895000000000000e+06
-1.317735000000000000e+06 -3.218925000000000000e+06
-4.357650000000000000e+05 -3.186255000000000000e+06
-1.066725000000000000e+06 -3.558435000000000000e+06
-4.876350000000000000e+05 -1.818165000000000000e+06
-1.140165000000000000e+06 -3.524475000000000000e+06
-9.957750000000000000e+05 -3.398325000000000000e+06
-1.024875000000000000e+06 -2.488365000000000000e+06
-1.334985000000000000e+06 -3.207555000000000000e+06
-7.765650000000000000e+05 -3.273675000000000000e+06
-1.529265000000000000e+06 -2.330025000000000000e+06
-1.451625000000000000e+06 -2.362695000000000000e+06
-7.287750000000000000e+05 -2.780895000000000000e+06
-1.729395000000000000e+06 -3.054645000000000000e+06
-1.448205000000000000e+06 -2.573445000000000000e+06
-6.750750000000000000e+05 -3.307365000000000000e+06
-3.604350000000000000e+05 -2.816235000000000000e+06
-3.550950000000000000e+05 -2.975685000000000000e+06
-4.337250000000000000e+05 -3.465705000000000000e+06
-4.686450000000000000e+05 -2.968635000000000000e+06
-1.121775000000000000e+06 -2.472885000000000000e+06
-1.364925000000000000e+06 -2.761125000000000000e+06
-4.160850000000000000e+05 -1.777815000000000000e+06
-1.203705000000000000e+06 -3.635505000000000000e+06
-4.265850000000000000e+05 -3.254355000000000000e+06
-1.571265000000000000e+06 -2.978835000000000000e+06
-5.849250000000000000e+05 -3.369075000000000000e+06
-1.610265000000000000e+06 -3.114195000000000000e+06
-4.330650000000000000e+05 -1.626585000000000000e+06
-7.013850000000000000e+05 -2.630505000000000000e+06
-7.775250000000000000e+05 -3.229425000000000000e+06
-8.500950000000000000e+05 -3.511575000000000000e+06
-1.467855000000000000e+06 -2.667165000000000000e+06
-3.960750000000000000e+05 -1.890735000000000000e+06
-2.639250000000000000e+05 -3.363315000000000000e+06
-8.317650000000000000e+05 -3.718815000000000000e+06
-3.152550000000000000e+05 -1.653195000000000000e+06
-3.369150000000000000e+05 -1.743735000000000000e+06
-1.261395000000000000e+06 -3.339825000000000000e+06
-8.045850000000000000e+05 -3.221895000000000000e+06
-7.402950000000000000e+05 -3.633975000000000000e+06
-1.351335000000000000e+06 -2.873145000000000000e+06
-1.229955000000000000e+06 -2.743005000000000000e+06
-2.723250000000000000e+05 -3.164265000000000000e+06
-6.852450000000000000e+05 -3.283605000000000000e+06
-1.763955000000000000e+06 -3.067125000000000000e+06
-9.384450000000000000e+05 -2.730225000000000000e+06
-8.672850000000000000e+05 -3.432495000000000000e+06
-7.644750000000000000e+05 -3.269835000000000000e+06
-1.202055000000000000e+06 -3.062145000000000000e+06
-1.233675000000000000e+06 -2.933235000000000000e+06
-5.866350000000000000e+05 -3.409155000000000000e+06
-4.102050000000000000e+05 -3.265785000000000000e+06
-1.661025000000000000e+06 -2.821065000000000000e+06
-1.723185000000000000e+06 -2.902575000000000000e+06
-1.284975000000000000e+06 -3.351585000000000000e+06
-1.038495000000000000e+06 -3.672315000000000000e+06
-4.004550000000000000e+05 -1.978635000000000000e+06
-9.926850000000000000e+05 -3.404235000000000000e+06
-1.315785000000000000e+06 -2.536995000000000000e+06
-7.896450000000000000e+05 -3.403905000000000000e+06
-8.854650000000000000e+05 -3.665625000000000000e+06
-8.902050000000000000e+05 -3.465705000000000000e+06
-1.299765000000000000e+06 -2.555895000000000000e+06
-9.546750000000000000e+05 -1.895205000000000000e+06
-1.103955000000000000e+06 -2.402355000000000000e+06
-2.782950000000000000e+05 -3.406125000000000000e+06
-2.981850000000000000e+05 -2.827695000000000000e+06
-9.633450000000000000e+05 -1.842195000000000000e+06
-3.934650000000000000e+05 -2.390355000000000000e+06
-8.659950000000000000e+05 -3.436905000000000000e+06
-2.751450000000000000e+05 -3.374655000000000000e+06
-7.308150000000000000e+05 -3.459345000000000000e+06
-1.103625000000000000e+06 -3.005175000000000000e+06
-1.447875000000000000e+06 -3.067365000000000000e+06
-2.617950000000000000e+05 -3.365295000000000000e+06
-1.643655000000000000e+06 -3.218565000000000000e+06
-1.357155000000000000e+06 -2.568165000000000000e+06
-1.654575000000000000e+06 -3.071655000000000000e+06
-1.124685000000000000e+06 -3.581655000000000000e+06
-5.788950000000000000e+05 -2.044035000000000000e+06
-9.431550000000000000e+05 -3.483045000000000000e+06
-1.500255000000000000e+06 -2.741415000000000000e+06
-1.295085000000000000e+06 -2.476995000000000000e+06
-1.049775000000000000e+06 -2.466255000000000000e+06
-9.843150000000000000e+05 -3.330405000000000000e+06
-1.841865000000000000e+06 -2.498085000000000000e+06
-1.242465000000000000e+06 -3.158475000000000000e+06
-1.752615000000000000e+06 -2.697435000000000000e+06
-6.205950000000000000e+05 -3.505305000000000000e+06
-1.002375000000000000e+06 -3.604485000000000000e+06
-1.538145000000000000e+06 -3.327525000000000000e+06
-4.902750000000000000e+05 -3.346425000000000000e+06
-1.583415000000000000e+06 -3.013275000000000000e+06
-1.411155000000000000e+06 -3.134595000000000000e+06
-9.341850000000000000e+05 -3.315825000000000000e+06
-2.447550000000000000e+05 -3.201975000000000000e+06
-1.470585000000000000e+06 -2.580615000000000000e+06
-1.449315000000000000e+06 -2.546295000000000000e+06
-1.099335000000000000e+06 -3.702555000000000000e+06
-1.230705000000000000e+06 -2.591655000000000000e+06
-5.294250000000000000e+05 -2.540985000000000000e+06
-3.627150000000000000e+05 -3.125085000000000000e+06
-1.599015000000000000e+06 -2.557035000000000000e+06
-4.366950000000000000e+05 -1.771665000000000000e+06
-2.626350000000000000e+05 -2.944815000000000000e+06
-4.946850000000000000e+05 -2.016585000000000000e+06
-6.381450000000000000e+05 -1.987305000000000000e+06
-8.601150000000000000e+05 -1.807305000000000000e+06
-9.493050000000000000e+05 -3.187215000000000000e+06
-1.330395000000000000e+06 -2.441535000000000000e+06
-1.105515000000000000e+06 -3.551835000000000000e+06
-8.221950000000000000e+05 -2.001165000000000000e+06
-1.024155000000000000e+06 -2.885055000000000000e+06
-6.325050000000000000e+05 -1.746885000000000000e+06
-3.510450000000000000e+05 -1.786845000000000000e+06
-9.715950000000000000e+05 -3.414615000000000000e+06
-7.867650000000000000e+05 -3.589515000000000000e+06
-3.688050000000000000e+05 -1.753635000000000000e+06
-8.655750000000000000e+05 -2.818005000000000000e+06
-1.552815000000000000e+06 -2.616675000000000000e+06
-1.468095000000000000e+06 -3.805095000000000000e+06
-1.298985000000000000e+06 -2.805735000000000000e+06
-1.690725000000000000e+06 -2.826555000000000000e+06
-5.168250000000000000e+05 -3.463935000000000000e+06
-6.980850000000000000e+05 -1.657005000000000000e+06
